H,H,H,H
3.206,-12.406,3.574,6.331
0.0,3.206,7.165,2.96
0.0,0.0,3.967,-12.0
0.0,0.0,0.0,3.967
